2026-03-25 14:27:23,993 - INFO - episode:rmsddpg_last reward:1.3872138023511413 Actions:[[0, 0], [1, 2], [8, 1], [6, 2], [7, 0], [4, 2], [5, 3], [3, 1], [2, 5], [9, 2]]
2026-03-25 14:27:23,993 - INFO - episode:rmsddpg_best reward:182.32078412125452 Actions:[[3, 1], [1, 5], [2, 3], [9, 2], [6, 1], [0, 0], [7, 4], [5, 3], [4, 5], [8, 1]]

run1
actions_used: [[0, 0], [1, 2], [8, 1], [6, 2], [7, 0], [4, 2], [5, 3], [3, 1], [2, 5], [9, 2]]
cross_cost: 1607.4032929920454
all_cost: 2452.662031816741
cross_num: 10

run2
actions_used: [[3, 1], [1, 5], [2, 3], [9, 2], [6, 1], [0, 0], [7, 4], [5, 3], [4, 5], [8, 1]]
note: stdout mismatch, used recomputed values
cross_cost: 1657.0589039084891
all_cost: 2452.662031816742
cross_num: 10
