2026-03-25 16:54:29,473 - INFO - episode:rsdql_last reward:0.8886485884293365 Actions:[[3, 0], [1, 2], [5, 1], [7, 0], [9, 0], [8, 0], [0, 3], [6, 0], [2, 1], [4, 1]]
2026-03-25 16:54:29,473 - INFO - episode:rsdql_best reward:130.69772671774763 Actions:[[5, 1], [0, 4], [9, 0], [1, 2], [8, 3], [4, 2], [2, 0], [6, 0], [7, 3], [3, 1]]


run1
actions_used: [[3, 0], [1, 2], [5, 1], [7, 0], [9, 0], [8, 0], [0, 3], [6, 0], [2, 1], [4, 1]]
cross_cost: 1539.6679179521755
all_cost: 2202.693502694195
cross_num: 6

run2
actions_used: [[5, 1], [0, 4], [9, 0], [1, 2], [8, 3], [4, 2], [2, 0], [6, 0], [7, 3], [3, 1]]
cross_cost: 1705.5381306766099
all_cost: 2202.6935026941956
cross_num: 9

