2026-03-25 16:54:46,193 - INFO - episode:rsdql_last reward:0.7312013814338454 Actions:[[1, 0], [9, 2], [8, 1], [5, 0], [3, 0], [6, 0], [0, 3], [2, 0], [4, 1], [7, 1]]
2026-03-25 16:54:46,193 - INFO - episode:rsdql_best reward:3.5999999999999996 Actions:[[9, 3], [6, 2], [3, 1], [5, 3], [2, 0], [7, 0], [4, 1], [0, 4], [1, 0], [8, 3]]

run1
actions_used: [[1, 0], [9, 2], [8, 1], [5, 0], [3, 0], [6, 0], [0, 3], [2, 0], [4, 1], [7, 1]]
cross_cost: 9651.02893107964
all_cost: 11389.57375035587
cross_num: 7

run2
actions_used: [[9, 3], [6, 2], [3, 1], [5, 3], [2, 0], [7, 0], [4, 1], [0, 4], [1, 0], [8, 3]]
cross_cost: 10780.740735052334
all_cost: 11389.57375035587
cross_num: 11

