2026-03-25 16:54:33,653 - INFO - episode:rsdql_last reward:0.8758498721954158 Actions:[[3, 0], [1, 2], [5, 1], [7, 0], [9, 0], [8, 0], [0, 3], [6, 0], [2, 1], [4, 1]]
2026-03-25 16:54:33,653 - INFO - episode:rsdql_best reward:177.72135127644333 Actions:[[5, 1], [0, 4], [9, 0], [1, 2], [8, 3], [4, 2], [2, 0], [6, 0], [7, 1], [3, 1]]


run1
actions_used: [[3, 0], [1, 2], [5, 1], [7, 0], [9, 0], [8, 0], [0, 3], [6, 0], [2, 1], [4, 1]]
cross_cost: 1718.812958916845
all_cost: 2452.662031816741
cross_num: 6

run2
actions_used: [[5, 1], [0, 4], [9, 0], [1, 2], [8, 3], [4, 2], [2, 0], [6, 0], [7, 1], [3, 1]]
cross_cost: 1949.6876591980636
all_cost: 2452.662031816741
cross_num: 9

