2026-03-25 16:54:37,839 - INFO - episode:rsdql_last reward:0.8574222267992174 Actions:[[0, 0], [4, 2], [8, 1], [2, 0], [7, 0], [3, 0], [9, 3], [6, 0], [1, 1], [5, 1]]
2026-03-25 16:54:37,839 - INFO - episode:rsdql_best reward:4.5 Actions:[[9, 0], [5, 1], [8, 0], [6, 2], [1, 2], [7, 1], [0, 4], [3, 3], [2, 0], [4, 1]]


run1
actions_used: [[0, 0], [4, 2], [8, 1], [2, 0], [7, 0], [3, 0], [9, 3], [6, 0], [1, 1], [5, 1]]
cross_cost: 159.89683597277048
all_cost: 2979.7539049860225
cross_num: 4

run2
actions_used: [[9, 0], [5, 1], [8, 0], [6, 2], [1, 2], [7, 1], [0, 4], [3, 3], [2, 0], [4, 1]]
cross_cost: 2442.7246178169803
all_cost: 2979.7539049860225
cross_num: 9

